kinectAngles
version = 1
nRows=66
nColumns=22
inDegrees = yes
endheader

Time	pelvis_tx	pelvis_ty	pelvis_tz	hip_adduction_l	hip_rotation_l	hip_flexion_l	hip_adduction_r	hip_rotation_r	hip_flexion_r	knee_angle_l	ankle_angle_l	elbow_flexion_l	knee_angle_r	ankle_angle_r	elbow_flexion_r	arm_flexion_l	arm_adduction_l	arm_flexion_r	arm_adduction_r	pelvis_list	pelvis_tilt	pelvis_rotation

0	0	0	0	83.6771	34.6141	33.8671	87.9951	82.1189	81.8647	178.399	132.3724	160.6962	177.3243	132.401	71.6479	9.0339	19.3004	2.0736	18.6858	5.1258	2.3558	84.3561
0.03	0	0	0	83.7099	34.7378	33.9998	88.06	82.3044	82.0608	178.3223	132.8333	160.6445	177.2235	132.1685	74.3795	9.1543	19.3144	2.4238	18.5473	5.1568	2.3638	84.3245
0.07	0	0	0	83.7053	34.8186	34.0803	87.987	82.5045	82.2358	178.2499	133.0513	161.2914	177.265	132.117	77.108	9.2314	19.3132	2.5457	18.6244	5.1572	2.37	84.3215
0.1	0	0	0	83.7261	34.8663	34.1334	88.0016	82.5402	82.2742	178.277	132.7318	162.1518	177.0825	131.6381	78.9585	9.255	19.3263	2.6728	18.5751	5.1362	2.3864	84.3338
0.13	0	0	0	83.721	34.8723	34.1382	88.0034	82.5756	82.3089	178.2776	133.1624	162.5049	177.0905	131.6416	76.6303	9.2859	19.3031	3.9352	19.6169	5.1439	2.375	84.3316
0.17	0	0	0	83.7458	34.8365	34.1078	88.0464	82.5458	82.2913	177.905	132.9711	162.7366	177.0694	131.6035	76.9137	9.2511	19.3071	3.9547	19.6942	5.1441	2.3704	84.3334
0.2	0	0	0	83.7551	34.7776	34.0506	88.0619	82.5446	82.294	177.8414	132.7584	163.7637	177.0658	131.6751	79.3613	9.2753	19.2863	2.8331	18.8029	5.1151	2.3796	84.3558
0.23	0	0	0	83.7873	34.7197	33.9996	88.1475	82.4594	82.2326	177.9099	132.7818	163.309	177.0359	131.8888	80.4399	9.2629	19.2646	2.5538	18.4795	5.117	2.373	84.3569
0.27	0	0	0	83.8034	34.6785	33.9617	88.1517	82.4357	82.2106	177.3396	132.752	163.6636	177.0775	132.0966	81.9421	9.2685	19.2395	1.9599	17.9183	5.113	2.3691	84.3621
0.3	0	0	0	83.8318	34.6428	33.9322	88.165	82.4004	82.1794	177.185	132.9211	164.4471	177.2087	132.1175	83.0349	9.2616	19.2426	1.352	17.6855	5.0924	2.3621	84.3837
0.33	0	0	0	83.8569	34.6092	33.904	88.2142	82.4345	82.2242	176.8644	132.9693	164.3078	177.1474	132.1224	84.3656	9.2939	19.2292	0.8028	17.1523	5.1216	2.3465	84.3639
0.37	0	0	0	83.8632	34.5878	33.8839	88.2356	82.4505	82.2447	176.8317	133.0127	163.6843	177.141	132.2436	84.7746	9.3344	19.2479	0.8019	17.0838	5.1244	2.3519	84.3591
0.4	0	0	0	83.8924	34.6413	33.9446	88.2623	82.5337	82.3319	176.9054	133.6086	163.7151	177.0808	132.0217	85.7691	9.3852	19.2496	0.5574	16.9931	5.1365	2.3477	84.3497
0.43	0	0	0	83.8998	34.6848	33.9902	88.2748	82.6194	82.4183	176.8686	133.5321	163.7918	177.0848	131.986	86.1721	9.4503	19.2539	0.6055	17.0342	5.1546	2.3517	84.3316
0.47	0	0	0	83.9408	34.7387	34.0539	88.3116	82.6857	82.4912	176.7394	133.3843	163.8501	177.0558	131.9189	88.6735	9.5357	19.2188	0.8395	16.9982	5.1904	2.3174	84.3132
0.5	0	0	0	83.9603	34.748	34.0677	88.3453	82.7151	82.5275	176.7711	133.4245	163.5561	176.9823	131.9099	93.9928	9.5433	19.221	0.7915	17.3004	5.1693	2.3166	84.3327
0.53	0	0	0	83.9301	34.7695	34.0826	88.3258	82.7321	82.5397	176.8672	132.9564	163.506	176.9661	132.0746	99.452	9.5933	19.2228	2.2486	19.4828	5.1798	2.3162	84.3233
0.57	0	0	0	83.9287	34.6941	34.0061	88.3263	82.6392	82.4493	176.8111	131.6707	163.911	177.0778	132.1615	106.175	9.566	19.2668	1.2493	18.3546	5.1497	2.2975	84.3585
0.6	0	0	0	83.9007	34.7715	34.0779	88.2983	82.6336	82.4375	176.8095	131.5556	163.4374	177.2286	131.8296	NaN	9.5838	19.3101	1.4762	18.0793	5.1398	2.2726	84.3778
0.63	0	0	0	83.6874	34.6024	33.8577	88.1548	82.5138	82.2872	176.9457	132.1569	163.3178	177.2744	131.6353	123.8372	9.5168	19.3825	1.8461	17.714	5.1201	2.3217	84.3755
0.67	0	0	0	83.8149	34.5315	33.8159	88.2777	82.5081	82.3105	177.3359	131.222	164.0183	177.4696	131.3869	132.7987	9.4352	19.493	3.04	16.9546	5.0682	2.3503	84.4107
0.7	0	0	0	83.8328	34.5125	33.8009	88.2526	82.3666	82.1668	177.6998	131.277	165.5892	177.5442	131.419	141.8286	9.1115	19.5922	4.2971	16.584	4.9123	2.3182	84.5657
0.73	0	0	0	83.936	34.4379	33.7492	88.2665	82.0362	81.8473	177.8997	131.1331	165.0965	177.4785	131.6359	147.5878	8.5735	20.2162	6.3038	16.6896	4.8271	2.244	84.6745
0.77	0	0	0	83.8816	34.5447	33.8446	88.2434	82.047	81.8528	178.2046	131.05	160.7509	177.5053	131.4898	152.0468	8.2398	22.0478	8.1603	17.0437	4.8433	2.2468	84.6586
0.8	0	0	0	83.8733	34.582	33.8803	88.2284	82.0425	81.8452	178.3318	131.4281	158.8098	177.47	131.4582	158.4209	9.7323	25.8347	9.1786	17.9404	4.8493	2.2487	84.6524
0.83	0	0	0	83.8451	34.6465	33.939	88.1992	82.0676	81.8632	178.4133	130.9803	157.7144	177.4401	131.3329	158.5426	11.7457	30.2075	12.0764	19.996	4.8701	2.2577	84.6299
0.87	0	0	0	83.8472	34.7328	34.0266	88.1667	82.1819	81.9672	178.4674	131.43	160.246	177.6017	131.2843	157.3141	14.0835	34.1135	14.7072	22.8684	4.8732	2.2648	84.6239
0.9	0	0	0	83.723	34.7625	34.0278	88.0457	82.1403	81.898	178.64	131.2675	162.7272	177.5034	130.9988	157.003	15.4609	36.5527	16.2877	24.4497	4.9599	2.21	84.5677
0.93	0	0	0	83.8358	34.7567	34.0482	88.1854	82.1296	81.9206	178.3794	131.3068	162.127	177.3752	130.3912	152.3527	17.5978	38.9452	17.8984	26.4445	5.091	2.214	84.4459
0.97	0	0	0	83.8535	34.5124	33.8055	88.2156	81.9047	81.7078	178.3141	131.3191	169.6464	177.2491	130.6653	151.7216	18.981	39.2471	19.3636	28.8417	5.1152	2.119	84.4609
1	0	0	0	83.9613	33.8582	33.1694	88.1638	81.2097	81.017	178.3392	131.5066	NaN	176.9946	130.6952	157.2846	19.6649	39.1573	20.1482	31.3236	5.3083	1.9898	84.329
1.03	0	0	0	84.3195	33.2006	32.5851	88.5462	80.7732	80.6574	178.3035	131.5231	173.2505	176.7954	130.7065	153.3416	20.6721	38.7901	20.4685	32.6008	5.4138	1.8603	84.2737
1.07	0	0	0	84.6949	32.8224	32.2824	88.9501	80.4413	80.3827	178.1861	131.7126	167.8171	176.6085	130.8507	157.0899	20.4998	37.7464	19.8053	34.0411	5.5985	1.8204	84.1111
1.1	0	0	0	84.9321	32.5676	32.0729	89.444	80.3325	80.3162	178.1791	131.8757	171.9803	176.6258	130.8624	161.0947	20.5834	37.6831	18.9328	34.121	5.8303	1.721	83.9193
1.13	0	0	0	85.0058	32.4301	31.9485	89.702	80.2872	80.2825	177.7328	130.5226	167.0504	176.4576	130.8158	162.7889	20.0496	37.1593	19.1144	34.5536	5.856	1.6003	83.9278
1.17	0	0	0	85.3713	32.2501	31.8353	89.8365	80.2133	80.2119	177.7689	130.7515	164.7373	176.512	130.882	161.1306	19.3844	35.9889	18.8031	34.3409	5.886	1.6066	83.8972
1.2	0	0	0	85.5555	32.2866	31.9044	89.5659	80.0795	80.0698	177.7493	130.5092	164.2315	176.6385	130.9031	164.3039	18.6132	35.1958	18.784	34.112	5.8725	1.5269	83.9308
1.23	0	0	0	85.6664	32.1085	31.7441	89.4286	79.9704	79.9538	177.7873	130.5697	165.9462	176.8295	130.9796	164.0376	18.509	34.7324	18.6055	33.9179	5.8777	1.4536	83.944
1.27	0	0	0	85.623	32.0979	31.726	89.4651	79.8711	79.8567	177.5498	130.4635	169.1892	176.8198	130.9352	164.8361	18.5859	34.8657	18.5766	33.7159	5.9133	1.3082	83.9427
1.3	0	0	0	85.7619	31.9999	31.6507	89.3343	79.7822	79.7601	177.4853	130.9137	172.6758	176.8983	131.0965	167.1535	18.5648	35.0147	18.6637	33.7418	5.9037	1.2156	83.9715
1.33	0	0	0	85.6894	31.9615	31.6	89.3901	79.7575	79.739	177.5625	131.1676	174.2166	176.9055	131.0637	166.9677	18.8048	35.864	19.0726	33.9575	5.9261	1.1929	83.9541
1.37	0	0	0	85.6963	31.868	31.507	89.3613	79.601	79.5809	177.6709	130.6942	172.8718	176.8844	130.9266	161.1866	19.6462	37.5948	20.2532	34.2778	5.9843	1.0982	83.9151
1.4	0	0	0	85.6284	31.727	31.3537	89.4886	79.2882	79.2757	177.9014	130.6991	172.8774	177.1199	131.0068	151.9951	19.7195	38.3278	20.5438	32.8007	6.0303	1.034	83.881
1.43	0	0	0	85.677	31.4104	31.0432	89.4878	79.0056	78.9934	178.0659	131.2813	169.5161	177.1293	130.9502	155.601	19.3999	38.4433	21.3447	32.8512	5.9204	0.8885	84.0128
1.47	0	0	0	85.3116	31.2095	30.7759	89.9466	78.7671	78.767	178.3273	130.8709	166.6688	177.095	131.0496	158.915	18.1895	36.9812	21.2878	32.851	5.864	0.8477	84.0747
1.5	0	0	0	85.3221	31.2575	30.8263	89.9217	78.7368	78.7365	178.358	130.8923	163.8772	177.0427	131.0261	152.0259	16.849	36.2553	20.6861	29.9765	5.8998	0.6918	84.0595
1.53	0	0	0	85.1944	31.2941	30.8393	89.6945	78.7223	78.7181	178.5164	130.9261	164.3008	177.1317	131.0527	150.4103	15.224	34.2422	19.5634	27.2462	5.8442	0.5479	84.13
1.57	0	0	0	84.9816	31.4827	30.9883	89.4111	78.8562	78.8402	178.6543	130.545	164.3719	177.4545	131.1206	148.6614	13.0024	31.7502	19.0644	24.0172	5.7401	0.6148	84.2268
1.6	0	0	0	85.1193	31.9523	31.4886	89.5446	79.3058	79.2959	178.8221	130.6586	164.8105	177.7459	131.3418	153.0411	9.9542	28.4544	18.1126	20.6033	5.6666	0.6743	84.2931
1.63	0	0	0	85.2016	31.9813	31.5334	89.515	79.2186	79.2074	178.9303	130.5732	162.8167	178.0396	131.4896	163.5621	6.8567	24.2909	16.8332	18.8132	5.6562	0.722	84.2976
1.67	0	0	0	85.1025	32.0042	31.5378	89.3501	79.1736	79.1536	178.9504	130.2405	167.7395	177.9262	131.553	169.9953	5.1467	21.8003	15.4318	17.6826	5.6841	0.7649	84.2644
1.7	0	0	0	84.8473	32.439	31.9265	89.2684	79.5386	79.5125	178.7484	130.577	170.7023	177.9392	131.6265	171.0308	4.7114	19.9529	14.1184	15.6686	5.7152	0.8166	84.2265
1.73	0	0	0	84.6225	32.897	32.3428	89.1895	79.9019	79.8687	178.609	130.5199	168.691	177.7995	131.5951	169.3699	4.7378	18.0335	12.7022	14.2283	5.7675	0.8409	84.1711
1.77	0	0	0	84.4074	33.6309	33.0382	89.0429	80.1902	80.1427	178.4629	130.9038	170.5282	177.7091	131.7162	164.9496	4.8401	17.4263	12.4444	13.9215	5.7997	0.7979	84.1452
1.8	0	0	0	84.4957	33.7393	33.1661	89.112	80.356	80.3144	178.4495	131.3336	171.8716	177.7313	131.8169	163.4563	4.8835	17.431	12.1055	13.6513	5.8138	0.7863	84.1329
1.83	0	0	0	84.5052	33.7755	33.2047	89.1358	80.4828	80.4429	178.5488	131.379	171.6214	177.7514	131.8181	162.078	4.8721	17.6594	11.6595	13.3893	5.8155	0.7866	84.1311
1.87	0	0	0	84.455	33.945	33.3651	89.1108	80.6593	80.6164	178.451	131.2571	165.5112	177.836	131.8225	157.3203	4.9664	18.1404	11.6004	13.4487	5.8338	0.8128	84.1092
1.9	0	0	0	84.4641	33.943	33.3651	89.1044	80.6559	80.6123	178.5172	131.9639	160.5506	177.7628	131.8538	149.8156	5.0945	18.9509	11.4901	14.0837	5.8892	0.8067	84.0555
1.93	0	0	0	84.4586	33.9375	33.3583	89.0718	80.6453	80.5985	178.4908	132.0148	157.3099	177.7565	131.8686	141.0193	5.6018	20.7779	11.2907	15.4928	5.8976	0.8316	84.0436
1.97	0	0	0	84.4906	33.9146	33.3419	89.0752	80.6457	80.5993	178.4564	131.5961	154.6884	177.7833	131.6341	130.5393	6.4322	22.1745	10.8077	16.4362	5.917	0.8386	84.0235
2	0	0	0	84.5023	33.8472	33.2763	89.0394	80.5528	80.5032	178.868	131.8608	153.5527	177.8158	131.5648	116.6944	7.4057	23.4258	9.8157	18.5582	5.9296	0.8981	84.0024
2.03	0	0	0	84.4957	33.7412	33.1681	88.9996	80.4841	80.4307	178.8035	132.3173	153.9149	177.7434	131.3722	103.9443	8.5039	24.1657	7.0629	22.7288	5.976	0.9405	83.9499
2.07	0	0	0	84.4756	33.7138	33.1363	88.9683	80.6676	80.6097	178.5961	132.2623	154.0127	177.674	131.3765	93.7532	9.7404	24.7252	5.0199	23.186	6.125	1.007	83.7922
2.1	0	0	0	84.3723	33.5302	32.9292	88.7732	80.502	80.4216	178.6018	132.2807	154.6805	177.7063	131.3614	83.8767	10.6069	24.9974	1.1269	26.9243	6.0626	1.1712	83.8245
2.13	0	0	0	84.4033	33.4295	32.8342	88.7828	80.3864	80.3082	178.7044	132.4683	154.9554	177.7583	131.6442	78.0832	11.2231	25.0276	1.3633	26.3957	6.1191	1.252	83.7531
2.17	0	0	0	84.5665	33.7974	33.2394	88.924	80.4757	80.414	178.4909	131.8907	155.6954	177.9979	131.7944	84.3991	11.7412	24.6745	8.7261	26.2494	6.1916	1.325	83.6671
