PathFileType	4	(X/Y/Z)	kinectCoordinates
DataRate	CameraRate	NumFrames	NumMarkers	Units	OrigDataRate	OrigDataStartFrame	OrigNumFrames
30.00	30.00	66	25	mm	30.00	1	1
Frame#	Time	SpineBase			SpineMid			Neck			Head			ShoulderLeft			ElbowLeft			WristLeft			HandLeft			ShoulderRight			ElbowRight			WristRight			HandRight			HipLeft			KneeLeft			AnkleLeft			FootLeft			HipRigth			KneeRight			AnkleRight			FootRight			SpineShoulder			HandTipLeft			ThumbLeft			HandTipRight			ThumbRight
		X1	Y1	Z1	X2	Y2	Z2	X3	Y3	Z3	X4	Y4	Z4	X5	Y5	Z5	X6	Y6	Z6	X7	Y7	Z7	X8	Y8	Z8	X9	Y9	Z9	X10	Y10	Z10	X11	Y11	Z11	X12	Y12	Z12	X13	Y13	Z13	X14	Y14	Z14	X15	Y15	Z15	X16	Y16	Z16	X17	Y17	Z17	X18	Y18	Z18	X19	Y19	Z19	X20	Y20	Z20	X21	Y21	Z21	X22	Y22	Z22	X23	Y23	Z23	X24	Y24	Z24	X25	Y25	Z25	

1	0	0	0	0	24.2666	300.2298	-14.4614	56.0099	589.5633	-22.0645	86.5281	718.6122	3.8333	149.0046	448.2782	-158.843	144.8415	212.1045	-205.9684	172.6491	0.923	-188.7381	185.0905	-27.6909	-185.0179	-32.4832	481.9395	153.1541	-29.7392	283.8663	246.2076	172.8205	334.0875	187.6008	225.0201	329.7158	124.4561	69.8415	-9.3461	-47.2912	41.8427	-340.2508	-86.6224	4.4394	-697.4904	-136.3825	76.3758	-788.4678	-115.8166	-12.2415	3.1233	88.3785	-61.2228	-333.3663	105.7754	-108.2362	-687.7769	107.9808	-55.4098	-775.2326	168.6363	46.577	518.797	-21.4288	194.0992	-88.7913	-179.3755	184.4439	-29.619	-150.6803	267.1673	335.2185	77.2702	160.9488	304.2769	86.4559
2	0.03	0	0	0	24.4156	300.0314	-14.5129	56.294	589.243	-22.1349	86.786	718.2412	3.8828	151.9839	447.443	-159.0572	145.3373	211.7578	-205.911	172.87	0.5596	-188.5004	183.7933	-28.6822	-184.9391	-32.1219	481.7174	153.144	-32.3929	283.2661	244.9424	172.4044	315.8738	181.3606	216.8655	309.8048	124.7579	69.38	-9.2501	-47.2111	42.1743	-340.543	-86.6156	5.2115	-696.7966	-136.4012	76.7524	-788.7022	-115.8647	-11.9462	3.02	88.3555	-60.8475	-334.199	105.9217	-108.0008	-688.4298	107.5197	-55.205	-775.6795	168.5762	46.8342	518.5064	-21.4918	193.0223	-90.9543	-182.1977	185.7635	-38.9739	-152.5129	264.4732	312.7979	78.1132	154.7668	280.5631	87.5624
3	0.07	0	0	0	24.3936	299.8575	-14.5547	56.2797	589.0036	-22.1765	86.7491	717.9747	3.7766	148.7607	447.6434	-159.0262	145.7131	211.2237	-205.7967	172.1497	-0.0235	-187.4231	181.6992	-28.9748	-184.1515	-32.1657	480.9732	155.4284	-33.0933	281.7732	245.3657	177.2577	297.4147	168.0942	212.3719	288.519	111.0887	69.1824	-9.2395	-47.2209	42.3294	-340.6775	-86.5015	5.3496	-696.5734	-136.2813	76.7667	-788.9487	-116.0123	-11.6419	3.1349	88.4268	-60.3887	-334.4919	105.9022	-108.042	-688.6151	107.4843	-55.1139	-776.0165	168.5524	46.8185	518.2891	-21.5388	188.9777	-93.4359	-180.1965	154.8787	-1.3	-161.7035	257.9106	287.8733	59.4923	154.9239	251.7041	83.4427
4	0.1	0	0	0	24.2706	299.8583	-14.6398	56.0735	588.9651	-22.3409	86.6962	718.0022	3.765	145.9728	447.7865	-158.8119	145.7431	210.9764	-205.8011	171.3476	-0.3041	-186.7549	179.2666	-29.6759	-185.5767	-32.0169	480.6864	155.0656	-34.0935	281.5089	244.8615	178.0689	288.5992	163.3959	208.6035	274.1823	103.2288	69.0842	-9.2014	-47.2458	42.3558	-340.8909	-86.6048	5.527	-698.2032	-136.53	76.6829	-789.1431	-116.1389	-11.5862	3.112	88.4306	-60.4857	-334.7631	106.2144	-108.6652	-688.5911	106.8648	-55.0815	-776.0281	168.5703	46.6244	518.2608	-21.6847	189.1433	-94.0981	-181.7921	178.3137	-34.7941	-151.5299	257.3723	269.1527	56.2968	158.0756	236.4108	80.2455
5	0.13	0	0	0	24.2955	299.8157	-14.5884	56.155	588.8224	-22.2072	86.7594	717.9686	3.7981	145.3438	447.8172	-158.4295	145.9375	210.5304	-205.5586	170.3222	-0.7841	-185.4497	178.5841	-29.0998	-186.3748	-31.8327	480.4513	154.8124	-44.6454	286.4361	253.8132	182.4077	277.4638	152.026	207.4547	264.2105	88.9599	69.0487	-9.2048	-47.2308	42.3908	-341.0852	-86.5639	5.8795	-697.0272	-136.3283	76.8551	-789.0385	-116.0574	-11.5304	3.1088	88.4289	-59.9337	-334.4142	106.2987	-108.4694	-688.4829	106.9983	-54.8412	-775.9607	168.5454	46.6844	518.1516	-21.5783	186.4949	-94.5677	-184.199	181.15	-42.3522	-148.3534	258.7898	255.8576	43.6685	180.7522	325.6035	64.8975
6	0.17	0	0	0	24.2671	299.8119	-14.5674	56.1687	588.8041	-22.1584	86.599	718.022	3.8637	144.8667	447.8053	-158.1226	145.6607	209.6984	-205.5054	170.2548	-1.5822	-185.1794	174.6442	-29.2374	-185.8914	-31.5867	480.0862	154.6075	-44.8282	286.5089	254.3364	188.9421	263.3231	133.5494	204.0742	255.2833	73.6545	69.0881	-9.1698	-47.2003	43.813	-339.2431	-85.7982	5.9566	-696.8835	-135.9663	77.1629	-789.0106	-115.8855	-11.5709	3.0405	88.3842	-59.7658	-334.6623	106.4367	-108.5552	-688.4733	107.1302	-54.7325	-775.9881	168.5018	46.6839	518.1354	-21.5347	184.3359	-94.8439	-185.8627	142.0907	-4.1926	-138.8659	257.8556	247.5123	21.9391	212.7726	307.5851	29.1541
7	0.2	0	0	0	24.066	299.8486	-14.6205	55.9116	588.8744	-22.253	86.3328	717.8404	3.6228	144.3122	448.2409	-157.8475	145.9532	209.0966	-205.3632	168.0055	-2.3977	-185.5364	171.6129	-30.0091	-188.699	-31.0333	479.7027	154.3386	-35.3708	281.6881	246.4171	189.37	262.9316	130.7967	203.5007	254.2132	67.2755	69.1394	-9.1564	-47.1319	44.2506	-339.977	-86.0258	6.1885	-696.8023	-135.947	77.5297	-788.4198	-115.998	-11.5638	3.014	88.3157	-59.5189	-334.6061	106.4379	-108.1767	-688.7207	107.1822	-54.5874	-776.1712	168.5455	46.426	518.1946	-21.6193	183.6439	-94.5059	-188.9957	143.2989	-5.3512	-139.2115	259.8068	246.5289	16.0614	200.8814	314.8174	38.7953
8	0.23	0	0	0	24.0682	299.8888	-14.5854	55.9391	588.9307	-22.1913	86.237	717.8961	3.7283	143.7701	448.5925	-157.7107	145.9299	208.3304	-205.1884	167.6041	-3.1986	-185.5816	173.5513	-28.5955	-187.0151	-30.8142	479.4589	154.1218	-33.1348	280.1118	243.4612	190.5013	263.1697	133.1037	206.8418	252.2493	65.7149	69.1885	-9.1095	-47.0702	44.1192	-339.9361	-85.9138	6.3217	-697.0583	-135.7541	77.7954	-788.5716	-116.1061	-11.68	2.8772	88.1878	-59.5858	-334.5453	106.4894	-108.1108	-688.3678	107.2512	-54.6877	-776.2842	168.5944	46.4473	518.2481	-21.5623	183.6407	-95.4036	-187.1547	148.7126	-4.4085	-130.2721	265.1921	239.2825	12.3557	200.7755	311.4344	32.217
9	0.27	0	0	0	24.036	299.8727	-14.566	55.9004	588.8873	-22.1487	85.9398	717.805	3.8322	143.0041	449.0006	-157.3312	146.05	207.9297	-205.0132	167.637	-3.6175	-185.6387	174.7619	-29.3653	-188.5111	-30.3787	478.8149	153.8982	-28.159	277.2283	238.4015	191.9067	262.1858	134.3744	209.6906	252.1109	65.1476	69.2347	-9.0875	-47.032	45.1975	-338.3831	-84.1759	6.2388	-696.1454	-135.6903	77.8292	-788.5615	-115.9586	-11.7133	2.8699	88.16	-59.6573	-334.4466	106.3558	-107.9678	-688.553	107.305	-55.086	-776.4671	168.6129	46.408	518.2108	-21.5253	186.4799	-95.7376	-188.5068	181.5807	-49.3294	-153.0019	270.1968	237.5005	11.5166	191.3634	317.9469	49.5285
10	0.3	0	0	0	23.9317	299.8519	-14.5345	55.6792	588.8354	-22.0697	85.7032	717.6839	4.0802	142.4947	449.2129	-157.0689	146.0808	207.2158	-205.0549	168.0025	-4.333	-186.1355	174.7923	-29.3581	-192.0746	-29.4438	477.5261	155.4773	-23.0891	274.266	235.9855	191.7782	261.6624	135.0245	209.538	251.6077	65.0172	69.319	-9.0532	-47.0331	45.5782	-337.9323	-83.7836	6.187	-695.705	-135.6013	77.6949	-788.7913	-115.9945	-11.7689	2.8495	88.162	-60.2152	-334.5485	105.9615	-107.9938	-688.3356	107.4541	-54.7248	-776.13	168.5291	46.2164	518.1675	-21.4597	183.6666	-95.4752	-191.0843	140.1666	-0.1101	-138.6485	271.2037	241.4723	14.2182	234.3974	291.7331	31.1917
11	0.33	0	0	0	24.0519	299.6892	-14.4435	55.9582	588.5615	-21.9017	85.5629	717.6545	4.3021	141.923	449.6831	-157.3666	146.4283	206.8739	-205.0278	168.5669	-4.6606	-186.1213	178.6008	-28.6505	-192.1744	-28.8178	476.2351	156.719	-18.4214	270.7478	231.0554	192.9549	261.4003	135.8876	210.9359	252.1956	65.8476	69.3345	-9.0149	-46.9901	45.6375	-338.5264	-82.3413	6.4546	-696.4755	-135.6526	77.338	-789.1456	-116.0998	-11.7136	2.7726	88.1512	-59.9425	-334.2905	106.1513	-107.913	-688.964	107.4483	-54.7976	-776.8692	168.7217	46.4586	517.9123	-21.307	182.3756	-93.7076	-190.1978	140.0907	-2.2308	-138.847	270.4618	241.3135	12.7394	233.9263	265.104	133.5197
12	0.37	0	0	0	24.0386	299.5971	-14.4711	55.9818	588.3799	-21.9493	85.5525	717.4439	4.3362	141.9185	449.6818	-157.3324	146.7701	206.653	-205.1467	169.4954	-4.8899	-187.1415	181.6139	-29.8795	-190.4708	-28.4891	476.005	156.1078	-18.3794	270.502	230.389	194.2533	260.7782	136.5524	214.085	250.7171	67.7358	69.3455	-9.0048	-46.961	45.8853	-338.5166	-82.3382	6.6485	-696.6424	-135.7192	77.5635	-789.5072	-116.1888	-11.6849	2.7384	88.1248	-60.0805	-334.567	106.1642	-107.6237	-689.2282	107.5431	-54.6243	-777.0502	168.5551	46.4695	517.7502	-21.35	186.7166	-94.3808	-190.2683	139.475	10.0893	-141.3241	271.3477	238.9998	13.9948	230.2868	248.2143	138.5633
13	0.4	0	0	0	24.0803	299.5816	-14.4565	56.1133	588.3425	-21.9026	85.5114	717.5047	4.49	141.7824	449.705	-157.195	147.0425	206.6846	-205.156	170.2798	-4.8181	-187.0752	182.8849	-30.8508	-190.9112	-27.7018	474.8302	157.1806	-16.2037	268.6178	229.3003	195.3232	260.1869	137.1739	214.8271	246.28	64.9515	69.2094	-8.9503	-46.973	45.9679	-338.7156	-82.4008	7.2482	-695.8129	-135.138	77.6736	-789.5834	-116.0451	-11.5583	2.6973	88.1531	-59.9361	-334.6797	106.33	-107.6078	-689.1676	107.4342	-54.166	-776.9494	168.6182	46.5772	517.7165	-21.3116	186.8588	-94.2954	-187.7086	187.7404	-48.6417	-156.9793	274.8912	234.862	11.6285	213.0105	284.509	4.039
14	0.43	0	0	0	24.1622	299.5798	-14.4851	56.3046	588.3308	-21.9373	85.6069	717.3922	4.4768	141.497	449.8157	-157.3414	147.4755	206.7156	-205.2175	171.4981	-4.7524	-187.5963	185.3457	-30.4957	-191.9314	-27.0687	473.8977	158.0302	-16.4644	267.4472	229.3718	194.5543	256.7746	140.3874	216.1967	243.6173	67.6389	69.0911	-8.9288	-46.9727	46.2545	-338.9295	-82.4895	7.4708	-695.89	-135.0793	78.0852	-789.608	-116.0335	-11.4245	2.6774	88.1574	-59.6427	-334.6938	106.3954	-107.0965	-689.709	107.6141	-53.7964	-777.1955	168.9142	46.7414	517.7062	-21.3466	189.4671	-93.7589	-190.3032	188.69	-48.4269	-156.8046	273.5825	224.2645	9.9228	210.1339	292.0722	21.0584
15	0.47	0	0	0	24.3552	299.6435	-14.2871	56.677	588.4223	-21.6044	85.8204	717.6007	4.743	141.4537	449.6406	-157.1059	148.0764	206.8926	-204.9126	173.8952	-4.5246	-189.3615	187.2539	-30.5891	-192.2003	-26.5927	473.5241	158.7598	-18.3139	266.7824	229.0563	194.3359	248.9152	141.3404	211.807	229.4794	72.0202	69.0377	-8.8679	-47.0444	46.6087	-338.0849	-82.0671	7.4376	-695.6446	-134.756	78.4944	-789.5252	-115.7305	-11.3318	2.6225	88.2444	-59.2619	-335.0764	106.7195	-106.595	-689.7864	107.9378	-53.2662	-777.1916	169.4298	47.0743	517.7924	-21.0393	192.8989	-92.3145	-190.6487	185.0266	-44.5535	-157.7269	268.2872	208.8805	17.4853	217.2571	270.6341	17.9936
16	0.5	0	0	0	24.2737	299.7728	-14.2724	56.4628	588.7466	-21.614	85.7328	717.7459	4.7826	141.3359	449.7093	-157.0188	148.122	207.0162	-204.9446	174.7627	-4.3428	-189.7254	188.3602	-29.9403	-191.4947	-26.6082	473.3054	158.9627	-17.8688	267.2859	231.5689	182.2102	218.718	162.1042	201.0707	204.6248	84.277	69.0206	-8.8383	-47.0549	46.5596	-337.9793	-82.1341	7.4159	-695.5389	-134.6729	78.3979	-789.4369	-115.6301	-11.2881	2.5706	88.2646	-59.2739	-335.2167	106.8143	-107.3211	-687.3859	107.5033	-53.023	-776.4166	169.3734	46.9045	518.0433	-21.0431	195.2176	-92.7486	-187.7633	191.2489	-37.8985	-156.1399	260.6917	182.2917	32.1625	218.6537	247.7291	39.4846
17	0.53	0	0	0	24.3145	299.8255	-14.2672	56.6102	588.8196	-21.6148	85.7593	717.8141	4.798	141.274	449.712	-157.0693	148.5136	207.1667	-204.9847	175.2012	-4.1888	-189.7637	188.7139	-30.5869	-190.9235	-26.7999	473.0688	159.2904	7.464	265.3552	249.9676	192.2342	192.1725	139.7817	196.0857	175.9281	84.4388	68.9925	-8.8811	-47.066	46.76	-338.0841	-82.2184	7.8942	-698.2515	-134.6294	78.1562	-789.322	-115.6836	-11.2628	2.601	88.2739	-59.2265	-335.3187	106.9462	-107.0021	-686.8493	107.6673	-52.8501	-776.1043	169.4073	47.0058	518.1074	-21.0425	196.398	-92.7896	-187.3498	190.2543	-36.5633	-155.7966	247.9672	145.5874	42.3544	237.2506	199.0825	121.0732
18	0.57	0	0	0	24.1229	299.9717	-14.1439	56.3351	589.0353	-21.4458	85.4441	718.1062	4.9893	140.3497	449.6169	-157.0833	148.4853	208.0003	-205.2865	174.9696	-3.3737	-190.021	187.0103	-30.5683	-192.1637	-28.7264	474.1691	159.3264	-21.8136	271.2585	240.7704	155.5002	171.049	166.2861	172.701	148.1509	114.1332	69.2268	-8.9051	-47.0897	46.4771	-337.9368	-82.259	7.3819	-700.1821	-136.1108	78.265	-789.1291	-115.1377	-11.4089	2.6009	88.2785	-59.7528	-336.4594	106.7662	-107.1498	-687.1109	107.9859	-53.3798	-776.1349	169.8697	46.7488	518.3076	-20.8787	192.5631	-93.9795	-187.2709	189.9651	-41.6295	-155.9172	229.9226	109.5129	74.5944	213.7716	173.4948	143.9769
19	0.6	0	0	0	24.0638	300.1024	-13.9952	56.2583	589.2169	-21.2111	85.4338	718.3516	5.0711	140.0497	449.6811	-156.9353	148.6688	209.2733	-205.8064	174.8713	-2.098	-189.7685	186.4967	-30.2709	-190.6309	-30.4138	475.9609	158.43	-23.7713	270.6167	239.152	145.8924	151.6114	174.9205	NaN	NaN	NaN	69.2639	-8.9592	-47.2466	46.2673	-337.3866	-82.2719	7.1335	-699.8568	-136.3659	78.0593	-788.805	-114.9045	-11.4349	2.6485	88.4102	-59.4378	-336.1585	106.5836	-107.2455	-687.1208	108.3502	-52.9466	-775.811	170.6858	46.6731	518.4817	-20.658	190.9785	-93.1201	-189.4643	187.6953	-35.4627	-157.1287	207.53	73.6771	105.0562	181.8347	113.5377	176.5122
20	0.63	0	0	0	23.9064	300.4503	-14.3254	56.1449	589.7049	-21.7644	85.2445	718.7902	4.6422	139.8253	450.0449	-157.2203	148.5443	209.9777	-206.4656	175.2648	-1.3547	-190.5654	188.6951	-29.7222	-192.146	-31.1411	477.4956	157.2893	-27.0746	266.9782	236.3667	123.9177	115.7167	198.1884	139.2288	83.1477	152.7616	69.5741	-9.2938	-47.092	45.9122	-337.325	-82.385	7.2355	-697.8402	-136.247	78.1117	-788.4439	-115.0106	-11.6102	2.8693	88.3062	-59.4769	-336.6803	106.2706	-107.2087	-687.0806	108.0379	-52.7508	-775.4899	170.6596	46.5345	518.9191	-21.1233	195.7019	-89.5836	-187.9746	192.0152	-35.6115	-157.2391	180.7165	30.0349	141.2236	164.0445	57.2144	187.7241
21	0.67	0	0	0	23.6099	301.0641	-14.5528	55.7432	590.5669	-22.0713	84.7795	719.7445	4.1876	139.0165	450.5612	-157.5908	147.9259	211.5626	-207.3688	175.6803	0.292	-192.2303	189.7212	-28.2306	-197.8312	-31.7422	478.2966	156.865	-37.1163	265.2006	230.135	90.5917	90.5361	214.5808	102.595	57.048	172.6044	69.5775	-9.0996	-47.0029	45.1864	-338.6637	-84.3831	6.2121	-699.0475	-137.2424	77.6423	-787.6216	-115.2708	-11.6077	2.6757	88.2256	-59.5498	-337.7487	105.5535	-107.7463	-686.2794	107.7584	-53.0024	-774.2652	170.3768	46.1341	519.734	-21.4147	191.1163	-87.2388	-193.0967	190.1641	-40.6827	-162.2534	140.941	-16.5088	165.0748	48.7098	2.4813	191.7391
22	0.7	0	0	0	22.6102	301.5906	-14.3806	54.3176	591.3124	-21.7911	83.3831	720.547	4.4037	137.2083	450.6682	-157.2586	145.4485	212.6827	-208.2284	178.2875	1.8126	-203.2597	192.6315	-23.9909	-212.4526	-33.4364	479.2402	156.7224	-47.9738	264.4884	227.4246	53.1611	73.1548	236.8923	71.579	20.1857	198.9008	69.8131	-9.1019	-47.1329	43.3436	-337.8337	-84.7084	4.494	-698.0356	-136.9741	76.1596	-786.9503	-114.8792	-11.851	2.7205	88.3837	-60.6875	-336.5696	105.515	-109.0503	-685.6026	108.1217	-54.5208	-773.2507	170.5091	44.7677	520.4454	-21.1467	192.708	-85.8674	-207.1192	191.5266	-51.4237	-179.0007	92.1772	-44.3884	201.5758	91.1417	11.2775	252.4776
23	0.73	0	0	0	22.0621	301.7284	-13.8804	53.5043	591.5736	-21.0815	82.6963	720.932	4.6097	136.0211	450.5699	-156.7306	141.7895	213.8315	-213.6493	195.5671	8.4966	-234.9046	201.9824	-14.8442	-240.508	-34.4366	479.5564	157.0174	-65.4814	255.733	228.8139	24.7884	60.5594	258.8859	39.3394	6.1561	254.0285	70.6894	-9.0545	-47.6176	42.5719	-337.6893	-84.7574	3.4323	-698.2262	-136.2285	75.1683	-786.704	-114.1578	-12.4249	2.7128	88.7732	-61.6222	-336.9508	106.2359	-109.5633	-686.3304	108.8691	-55.8519	-774.1116	171.7664	44.0036	520.6587	-20.4746	199.8477	-80.7155	-241.8256	187.3462	-22.6995	-215.7578	51.3545	-55.8286	247.6966	50.7939	-1.0049	289.436
24	0.77	0	0	0	22.1466	301.7828	-13.8983	53.6921	591.785	-21.112	82.9604	721.4736	3.8432	134.961	450.905	-157.5354	139.0415	214.2369	-229.0433	221.2819	27.1735	-288.684	220.6104	-3.4199	-283.0513	-34.4392	479.6626	156.9178	-81.1896	246.8928	231.9151	-18.1613	49.4252	293.5841	-6.7156	8.696	291.4557	70.6319	-9.1396	-47.7584	42.0558	-337.7253	-85.7317	3.2444	-698.5976	-136.3465	75.1849	-786.7619	-114.1615	-12.4164	2.7509	88.8335	-61.6748	-336.7751	106.2506	-109.4414	-686.7109	109.077	-55.6524	-773.6775	171.5621	44.1653	520.8221	-20.5077	214.8611	-67.9588	-290.6336	199.4082	-34.7423	-272.4931	-1.25	-63.7853	284.9858	6.8527	13.5042	327.5043
25	0.8	0	0	0	22.2283	301.7743	-13.9119	53.7317	591.8195	-21.1262	83.5431	721.5436	3.3362	133.7697	451.2247	-160.2014	151.5226	231.9862	-261.0198	256.8635	59.2445	-328.493	254.069	19.9142	-332.9219	-34.6499	479.8362	156.9019	-89.8899	247.3904	239.7574	-55.3846	62.4965	345.9259	-52.5066	22.4028	335.3719	70.6484	-9.1582	-47.8355	41.6777	-337.4954	-86.2542	2.9691	-696.9214	-136.4584	75.2583	-786.6986	-114.1723	-12.4398	2.778	88.9498	-61.618	-336.0946	106.3703	-109.6086	-686.6803	108.9956	-55.9183	-773.4734	171.312	44.2228	520.8491	-20.5262	263.3223	-44.3881	-341.4402	252.5339	-11.3807	-303.1797	-57.063	-44.0576	340.2376	-63.9544	8.3365	366.2749
26	0.83	0	0	0	22.3759	301.745	-13.9861	53.9464	591.8222	-21.2091	84.1201	721.7311	2.8103	133.6918	450.6931	-163.5849	168.1922	240.3206	-298.5449	289.4854	92.7694	-391.9541	284.6048	65.5798	-399.2083	-35.3188	480.356	157.4341	-114.8137	255.0322	257.7681	-98.3679	80.8216	383.6565	-102.8124	48.8501	374.376	70.5462	-9.194	-47.8763	41.7044	-337.4601	-86.5406	3.1746	-697.0881	-136.4044	75.33	-785.0805	-114.233	-12.4106	2.826	89.0236	-61.3759	-336.1485	106.4427	-109.4335	-686.847	108.8261	-55.6256	-773.5494	171.2819	44.4125	520.8414	-20.6066	290.9763	-1.6998	-423.6945	277.0346	35.4177	-382.9591	-124.4485	-17.933	379.6249	-78.6928	59.9501	412.4597
27	0.87	0	0	0	22.4024	301.6725	-14.0326	53.9602	591.7348	-21.2733	84.5414	721.7048	2.3569	133.302	451.1197	-166.9043	187.8903	268.7896	-333.7248	319.36	152.3969	-452.0702	321.1536	111.5429	-475.2778	-37.741	481.0517	159.4786	-137.7259	282.2879	283.4602	-140.6683	129.2112	434.6359	-142.6612	97.2747	428.0959	70.4281	-9.1851	-47.9546	41.7325	-337.1373	-86.9894	2.7982	-697.0857	-136.3251	73.1894	-784.0507	-115.299	-12.2505	2.8811	89.1744	-60.7957	-335.0782	105.9853	-109.499	-687.1922	108.7104	-55.6995	-773.6951	171.0278	44.4347	520.7613	-20.6696	333.3184	68.9565	-508.8187	311.3226	78.9988	-472.9779	-170.342	34.3578	439.2595	-139.417	96.019	462.0704
28	0.9	0	0	0	22.8655	301.32	-13.8034	54.8397	591.3986	-20.6262	85.6653	720.9358	2.1632	133.8404	451.649	-170.4256	199.9645	311.842	-356.6794	332.3235	224.5593	-495.3686	349.0245	181.1094	-545.1993	-40.809	483.163	161.1281	-152.2549	302.8684	298.5581	-175.8404	175.7341	469.6371	-178.634	145.468	481.6716	70.4594	-9.3773	-47.9947	41.7538	-337.9978	-87.4912	3.3254	-698.8285	-136.2729	74.2465	-785.6214	-114.961	-12.3256	3.0737	89.2343	-60.1696	-335.8769	106.2441	-109.2339	-688.4523	108.423	-55.1423	-774.7213	170.8929	45.1976	520.4163	-20.1586	358.3358	147.1062	-579.1186	333.592	145.4999	-570.9361	-139.4	73.6695	522.7546	-136.1618	187.6574	493.7758
29	0.93	0	0	0	23.6211	300.3276	-13.8067	56.0282	589.9846	-20.6053	87.3132	719.2791	2.0945	135.2552	453.8428	-176.9945	219.3032	356.3381	-380.5093	360.2146	301.8815	-526.626	357.9845	291.7293	-546.5131	-43.074	482.8873	162.5802	-166.6485	335.3831	316.7991	-204.7657	253.7486	510.6373	-199.5113	238.6431	519.6347	70.4372	-9.2059	-48.0015	42.0779	-337.7319	-86.1318	3.8434	-700.874	-136.2479	74.9222	-787.9002	-115.0146	-12.3436	2.8545	89.2491	-59.2003	-336.8427	106.6078	-108.6512	-692.0816	108.3241	-54.5335	-776.7098	170.8015	46.2805	519.085	-20.1498	392.7991	243.1083	-607.541	356.98	259.9073	-568.9759	-235.1571	180.3513	565.318	-167.1521	188.303	566.9643
30	0.97	0	0	0	23.6947	299.2688	-13.1714	56.096	588.2364	-19.5986	87.5462	717.164	2.7384	137.0516	456.7477	-180.0592	232.8003	404.4369	-385.131	358.66	381.3339	-549.5621	387.7205	361.2514	-608.3022	-46.0807	482.6943	165.3919	-180.2032	373.9662	338.7722	-224.098	340.472	544.5946	-220.648	319.0676	555.8574	70.7126	-9.1884	-47.7459	42.0724	-340.0194	-85.808	3.3024	-702.8124	-135.6463	74.5672	-790.3199	-114.3558	-12.6673	2.8011	89.0132	-57.9449	-335.6836	107.1705	-108.5743	-693.9019	109.2269	-54.665	-779.1435	171.4103	46.355	517.4783	-19.2252	413.8946	342.337	-656.2473	388.3763	357.252	-627.032	-256.2417	266.1388	613.9026	-190.5809	276.7755	611.0016
31	1	0	0	0	24.7193	297.8474	-12.3968	57.8989	586.1599	-18.151	89.0557	714.4424	3.5317	140.7035	463.9081	-180.7692	242.0214	443.4249	-388.9431	374.1191	446.219	-582.3929	NaN	NaN	NaN	-51.4305	481.285	170.0463	-187.8389	412.1142	360.5389	-233.2466	418.102	567.9759	-253.7525	379.657	615.9756	71.4811	-9.0555	-47.0949	42.8533	-342.3538	-85.3955	4.1801	-705.3884	-134.8717	75.5423	-793.4405	-113.6221	-13.652	2.8625	88.2387	-57.1795	-338.4148	107.7372	-107.8656	-696.9403	109.8908	-53.6958	-782.4869	172.1099	47.9287	515.5294	-17.9886	420.8584	438.5388	-679.5916	403.6851	451.7554	-638.4149	-282.2341	352.2561	655.6191	-215.3527	368.7812	632.3114
32	1.03	0	0	0	25.2017	295.8768	-11.542	58.5967	582.7634	-16.7736	89.4269	710.4378	4.729	142.8554	467.1243	-182.215	252.847	489.8601	-386.5598	363.2764	531.0699	-555.9451	390.9692	533.4485	-594.8745	-55.2826	479.7301	174.1239	-191.0801	436.3053	371.4169	-236.7361	496.8457	568.6663	-255.2785	468.0608	628.8269	72.1387	-8.5334	-46.4297	43.01	-345.0737	-84.5163	4.1053	-709.7789	-134.0748	75.3693	-797.8161	-112.7492	-14.2482	2.2544	87.6824	-57.2634	-341.713	108.4962	-108.0118	-701.3515	110.7875	-53.8791	-786.7676	172.9166	48.5885	512.4158	-16.7169	422.8609	533.9101	-672.2953	389.9768	528.3998	-605.3765	-284.5484	451.5823	670.4328	-220.743	450.2967	637.8771
33	1.07	0	0	0	26.1741	294.6813	-11.3134	60.179	580.445	-16.2985	90.8125	707.5963	5.4768	146.4412	471.2473	-182.7239	253.0841	510.7802	-378.8305	361.202	594.8351	-532.9222	391.1169	604.4026	-581.3833	-52.5738	476.9372	171.9608	-184.8551	483.5898	384.1921	-233.3528	561.8164	573.5987	-240.3127	550.1573	593.0162	72.6764	-7.9961	-46.1899	44.0469	-346.594	-84.2354	4.9371	-712.2353	-133.8929	76.4536	-801.2418	-112.4649	-14.7339	1.6258	87.4803	-56.1009	-342.5681	108.8852	-107.0379	-703.9312	111.1122	-52.8486	-789.7612	173.1242	50.052	510.3421	-16.2975	425.0656	616.9796	-657.6737	359.4348	581.9177	-561.7237	-269.1397	538.4122	669.7496	-225.0498	523.8548	645.0583
34	1.1	0	0	0	27.1468	291.6038	-10.7422	62.0616	575.3328	-15.0302	92.2235	701.8481	6.1447	149.1367	472.5974	-183.6324	254.362	549.5686	-378.7489	362.1021	644.2995	-526.6668	395.1155	672.8728	-592.7411	-53.9617	478.1025	177.8678	-178.0547	510.7587	385.031	-229.5448	612.2831	561.0204	-257.1976	614.0265	631.1772	72.7801	-7.6287	-45.8567	44.4875	-352.2374	-85.0533	5.0942	-718.047	-134.0112	76.5683	-807.3144	-112.9629	-14.8488	0.8581	87.1624	-55.6901	-347.3462	108.3716	-106.8455	-709.8586	110.709	-52.6229	-795.7406	172.725	51.6586	505.683	-15.2737	416.3299	697.2153	-669.2032	380.9779	664.3838	-619.8165	-298.5371	617.7414	683.4586	-229.0428	589.2927	649.6697
35	1.13	0	0	0	26.9013	289.4569	-9.9783	61.8614	570.5763	-13.7985	92.4452	696.0321	7.3843	150.0737	478.9212	-183.2208	251.5908	564.0762	-377.7337	351.1019	681.0755	-514.5966	383.6067	720.6032	-578.3088	-56.0184	478.9642	181.1125	-180.2636	553.3539	389.5563	-233.5788	657.802	562.85	-234.9163	656.3002	574.8856	72.7684	-7.5054	-45.6206	45.1349	-357.5739	-84.1337	4.4449	-726.7763	-134.2551	76.3233	-813.32	-112.1645	-14.8838	0.4589	86.9557	-55.834	-352.9075	109.3084	-107.0304	-715.8035	111.5447	-52.7697	-801.6533	173.6349	51.4572	501.5126	-14.0861	401.1693	745.406	-647.4631	375.8812	708.5483	-601.2969	-263.4891	674.7114	649.0286	-202.9107	630.511	628.0909
36	1.17	0	0	0	26.8467	287.4153	-9.9501	61.6875	566.4479	-13.7841	93.0666	690.9838	8.1836	151.7337	483.6244	-181.5722	246.78	572.6887	-368.986	343.2726	697.784	-500.6079	376.4916	747.1997	-561.3372	-56.93	477.7267	181.7958	-177.3661	561.5418	386.8321	-227.7078	676.0251	554.292	-235.6472	695.8419	576.4397	72.8303	-6.9494	-45.4242	44.6251	-361.667	-84.6717	3.7712	-731.2282	-134.8067	75.5981	-818.4306	-112.7965	-14.9663	-0.2512	86.7653	-55.811	-357.0057	108.6665	-107.476	-720.6053	111.0247	-53.2244	-806.829	173.2573	51.3465	497.8656	-14.0377	388.095	770.8886	-642.668	360.7566	720.8944	-563.889	-278.4236	740.214	640.5724	-224.8586	689.1774	623.9996
37	1.2	0	0	0	26.4542	284.8164	-9.392	61.1195	561.9823	-12.8695	92.5134	686.2712	8.6189	151.6057	487.9402	-179.8822	241.0631	580.8636	-364.1059	337.7753	723.2081	-514.9048	364.2722	763.6997	-553.566	-58.8503	478.0792	182.4947	-177.6426	577.2889	385.3272	-221.9961	706.6104	543.0041	-256.247	742.01	599.2409	73.0665	-6.6977	-45.6784	43.8986	-366.1558	-84.8798	2.856	-736.8384	-135.4128	74.7509	-823.6216	-113.0451	-15.2153	-0.6691	86.9934	-56.0248	-360.4183	108.0693	-108.3606	-725.4675	110.7938	-54.113	-811.8407	173.096	50.8079	493.7953	-13.2322	384.2397	815.8507	-629.167	350.7385	761.5226	-588.199	-302.827	776.458	648.9584	-237.4246	729.3202	627.5687
38	1.23	0	0	0	26.4184	284.5671	-9.0483	61.0667	560.9339	-12.1166	92.7494	684.3836	9.6944	151.6968	488.6115	-178.938	240.3486	586.768	-359.6728	337.142	723.7514	-514.3121	361.1657	763.702	-544.287	-59.0073	478.5116	182.3222	-176.3814	583.3962	383.6399	-220.7038	715.927	538.3893	-255.7477	758.7547	593.9679	73.2159	-6.5315	-45.4768	43.8624	-367.0866	-85.2331	2.532	-738.4802	-135.8116	74.3938	-825.5137	-113.4117	-15.3541	-0.8792	86.8111	-56.2871	-361.9716	107.2619	-108.3399	-727.5544	110.5141	-54.399	-813.5288	172.6934	50.7696	493.002	-12.5769	378.1491	798.5559	-618.8182	347.6647	751.969	-571.7893	-310.8346	796.0515	646.8089	-223.8032	739.9482	612.8078
39	1.27	0	0	0	26.5239	284.3837	-8.5052	61.3813	560.2474	-10.5048	93.2844	683.1893	10.6665	151.8731	488.8365	-178.2869	241.2419	589.8362	-361.2929	337.0049	722.8529	-514.6203	356.17	752.683	-551.251	-59.4313	478.7506	182.5472	-176.3449	585.2212	381.8218	-221.2237	716.6494	537.3338	-252.6466	753.5199	591.4854	73.3647	-6.6094	-45.5407	44.9235	-366.2482	-84.9474	2.5325	-739.4356	-135.8944	74.3863	-826.5396	-113.4621	-15.5203	-0.8239	86.8729	-56.1906	-362.8453	106.9362	-108.6431	-728.0897	110.1852	-54.4558	-814.0996	172.066	51.0266	492.5252	-11.3086	373.1813	783.7552	-620.9238	345.4675	742.9261	-582.1898	-311.9403	795.5248	643.7455	-228.0986	744.9724	617.6734
40	1.3	0	0	0	26.4202	284.2483	-8.1277	61.2498	559.7856	-9.5149	93.0565	682.5408	11.8406	151.7754	488.6663	-177.4087	241.0072	586.1626	-362.5049	334.8381	706.3881	-514.0473	357.0367	724.3449	-558.114	-59.648	478.583	182.9751	-177.3011	584.7133	382.0071	-222.4726	714.9684	538.432	-254.0052	734.448	598.5142	73.5118	-6.406	-45.4862	44.9233	-366.1483	-84.9926	1.956	-738.3548	-135.8967	73.846	-827.2074	-113.4925	-15.6532	-1.0252	86.836	-56.363	-362.9761	106.6369	-108.5185	-728.434	109.9856	-54.8787	-814.5319	172.1873	50.9072	492.194	-10.5017	366.1822	762.5964	-636.6784	358.1561	719.0454	-591.1674	-290.8246	767.0891	650.2513	-222.4589	725.1141	616.9379
41	1.33	0	0	0	26.5163	284.3352	-8.0431	61.4767	559.7773	-9.2989	93.1949	682.3749	13.1122	152.4511	484.2165	-174.8959	241.6479	569.5871	-368.3173	338.0286	680.0117	-524.1111	361.0675	683.3967	-576.9418	-60.004	478.6429	183.0985	-181.0166	577.6166	384.0734	-234.9468	681.284	557.3527	-237.485	676.2552	559.5984	73.5472	-6.5158	-45.4238	44.9761	-366.0795	-85.3544	2.2244	-738.0174	-136.0571	73.8621	-827.2043	-113.822	-15.6842	-0.9389	86.795	-56.151	-362.8811	106.2742	-108.5149	-728.4388	109.6538	-54.8166	-814.5054	171.7973	51.106	492.2378	-10.3051	379.3226	719.313	-669.2431	356.4673	683.089	-589.9211	-267.3492	705.8432	633.4862	-194.171	685.7825	597.4526
42	1.37	0	0	0	26.783	284.7304	-7.7154	62.1354	560.0229	-8.2707	93.5396	682.8589	14.7711	153.0447	479.1046	-172.6521	247.6307	537.5247	-382.457	352.2132	614.4121	-541.923	378.3316	631.314	-614.385	-61.1103	478.2208	184.2747	-191.9022	536.1063	386.8273	-234.8149	636.0784	566.2687	-258.4021	641.9365	603.9346	73.7462	-6.5164	-45.3803	45.145	-365.111	-85.5633	2.5516	-736.9875	-135.7297	75.5541	-826.2024	-113.0498	-15.9185	-0.983	86.7358	-56.045	-362.1894	106.2653	-108.2482	-727.7303	109.6421	-54.5169	-813.2588	171.6352	51.6422	492.5564	-9.4934	399.1982	654.735	-669.1119	380.8418	663.3695	-637.9209	-281.7967	662.2791	660.8108	-220.8132	639.2619	630.0127
43	1.4	0	0	0	27.2517	287.071	-7.4246	62.9495	563.315	-7.7045	93.9623	686.7839	15.9221	151.7939	475.3919	-171.9463	247.5758	503.128	-387.3023	352.9828	553.6278	-556.6459	380.0099	555.5971	-619.8341	-59.522	476.1498	180.3449	-194.0862	489.0876	371.3567	-233.852	581.0735	556.4236	-240.9948	567.159	547.8091	74.2812	-6.6569	-45.4404	45.1369	-361.2721	-86.3208	2.6846	-732.8424	-136.3788	75.6592	-822.057	-113.5616	-16.4167	-0.7884	86.7817	-56.2997	-358.9989	105.0751	-108.2363	-723.4794	109.0757	-54.3681	-809.1692	171.1397	52.3731	495.6915	-8.9967	401.6972	569.1758	-697.8145	362.3864	577.0792	-601.6957	-262.8987	580.2191	631.693	-213.5476	575.3856	595.0621
44	1.43	0	0	0	26.7737	289.3122	-6.4545	62.2758	566.5561	-6.4572	93.0204	689.9281	18.0584	150.0095	474.0545	-170.7215	244.5431	453.5929	-386.9876	354.0807	467.3053	-561.405	376.515	466.2974	-609.5963	-62.9918	476.7038	182.8237	-202.0024	456.8873	371.7101	-255.0562	517.2708	566.384	-279.0221	507.1353	607.6022	74.6466	-6.5929	-45.1038	44.3538	-358.0668	-85.3377	1.9615	-729.4694	-135.4218	73.8667	-818.8855	-113.5445	-16.7956	-0.7872	86.4473	-57.4454	-355.7432	105.8281	-109.0267	-720.3659	110.1242	-55.0546	-805.7359	172.1652	51.7324	498.8029	-7.7786	411.9421	462.9799	-682.6056	367.2984	455.5157	-657.3672	-305.6347	507.08	670.8303	-254.1146	501.2446	632.8823
45	1.47	0	0	0	26.7574	291.7695	-6.2155	62.1354	570.7279	-6.1723	92.7951	694.3549	19.2958	148.5427	469.3318	-168.7772	232.6835	401.4228	-369.1837	341.1198	379.4549	-544.176	356.5575	375.3889	-584.6625	-65.0988	477.8911	183.3173	-201.9266	420.6668	371.858	-268.8683	441.139	570.5955	-288.3624	423.7516	602.6135	75.0366	-7.171	-44.8917	44.0646	-353.5661	-85.5509	1.7908	-725.5929	-135.7629	73.9039	-814.1194	-113.3867	-17.133	-0.0819	86.2681	-57.7607	-351.0121	105.6904	-109.524	-715.7289	109.8246	-55.5982	-801.5091	171.9265	51.6326	502.6716	-7.4736	378.7967	356.9963	-632.5448	338.6414	407.1247	-584.772	-294.4331	418.727	622.6641	-256.0483	418.7149	615.0426
46	1.5	0	0	0	27.2923	294.3501	-5.2867	62.9102	575.0215	-4.7283	93.5783	698.9959	21.2787	146.5413	467.8798	-166.708	220.359	349.3786	-361.1925	324.4766	283.6035	-528.6175	342.1407	279.0278	-562.7434	-65.3929	478.768	183.1911	-196.706	370.909	345.0921	-264.738	362.2114	544.8983	-276.6714	345.9543	565.512	75.1024	-7.165	-45.0202	44.4352	-348.9136	-85.1373	2.1917	-720.6149	-135.1171	74.4155	-809.2988	-112.7361	-17.2068	0.1204	86.4005	-57.8543	-347.521	106.2874	-109.1052	-710.8465	110.2937	-55.1628	-796.5384	172.4583	52.36	506.657	-6.1494	404.2478	253.5773	-580.1259	343.531	285.3802	-596.2439	-303.8482	319.4138	623.561	-234.3918	346.2509	583.5322
47	1.53	0	0	0	27.1191	295.8373	-4.5065	62.6829	578.2494	-3.3797	93.3082	702.9029	22.4134	144.0031	464.1105	-162.1829	204.9741	304.1854	-339.6944	296.1421	201.8407	-496.4566	299.7506	204.9066	-503.9271	-65.2647	478.8083	182.7421	-186.3967	324.1981	319.8656	-278.6103	273.3902	501.8825	-272.8715	258.1833	534.2708	75.1188	-7.3646	-45.0646	44.2427	-346.8959	-86.3575	1.6975	-715.6641	-134.9963	74.2137	-805.013	-112.3637	-17.2397	0.4701	86.4502	-58.3231	-343.5456	106.3661	-109.302	-706.7058	110.69	-55.3118	-792.3271	172.8497	52.1525	509.4963	-4.8964	318.7244	166.8829	-598.4391	315.6027	199.9293	-540.0791	-299.9143	226.4775	579.2171	-234.3536	258.1691	549.6429
48	1.57	0	0	0	26.6746	297.9137	-4.9871	62.1008	582.2542	-4.0887	93.3471	706.901	22.3703	143.09	461.8467	-159.1123	185.141	261.711	-315.609	264.8536	128.9608	-455.708	265.0234	127.7694	-464.1659	-64.1478	480.1554	179.7224	-181.8574	288.3157	291.5559	-266.1941	192.7	459.5862	-246.1082	205.9331	455.0809	74.9466	-7.6877	-45.2478	44.0381	-342.4046	-87.269	1.464	-711.1343	-135.9697	73.9523	-799.1886	-113.5066	-17.063	0.9074	86.6152	-59.374	-340.4374	105.1952	-109.5506	-702.3289	109.5609	-55.7623	-787.7598	171.7319	51.5798	513.0956	-5.5377	286.5137	68.0159	-541.2504	280.2042	148.4962	-459.2316	-273.3224	139.489	529.7239	-211.7827	208.2206	488.8674
49	1.6	0	0	0	26.4345	299.6922	-5.4191	61.7464	585.9982	-4.715	93.6067	711.0725	22.2057	142.1879	460.0911	-152.8731	158.209	228.5199	-285.5494	226.7958	69.7086	-403.7865	235.8587	21.4456	-445.1656	-61.4145	478.6508	175.6141	-172.1115	254.9539	261.7573	-240.179	135.1207	422.6321	-241.5457	121.3673	417.5749	74.4252	-7.4629	-45.8161	43.3353	-339.1173	-88.9561	1.1873	-706.5781	-136.8531	73.6765	-794.7676	-114.3637	-16.4768	0.7057	87.2469	-59.6509	-336.3867	104.2445	-109.7986	-697.6955	108.6463	-56.1733	-783.4169	170.44	51.2407	516.3736	-6.109	251.1847	-26.592	-481.7423	230.8466	1.937	-458.0811	-273.9108	57.7623	456.9246	-210.8023	138.305	438.9438
50	1.63	0	0	0	26.5341	300.4355	-5.7263	61.7582	588.0356	-5.2343	93.3795	713.6251	21.5975	142.3151	459.297	-149.3208	132.2305	211.4646	-248.9538	182.0605	29.8403	-341.8999	183.856	29.1851	-343.8116	-58.8572	478.2029	171.5632	-160.6398	240.0694	246.2135	-218.6256	77.7313	369.3078	-220.3431	59.0951	364.8626	74.5861	-7.3555	-45.9882	42.6617	-338.1684	-90.2746	0.6284	-703.504	-137.7021	73.894	-792.1654	-115.4129	-16.6409	0.753	87.3854	-61.2165	-335.619	103.1375	-110.2191	-694.7488	107.6288	-56.589	-780.514	169.3024	51.3096	518.0242	-6.5609	210.6356	-52.5353	-383.6999	189.1988	-31.603	-366.5378	-274.129	-6.0821	392.6432	-198.7699	36.3746	399.4537
51	1.67	0	0	0	26.8405	301.3329	-6.0747	62.17	589.912	-5.6304	93.8834	715.7146	21.7958	143.2616	457.4935	-143.9168	117.809	199.8494	-227.1381	146.2264	-0.1472	-286.5524	144.0675	-9.3796	-290.641	-54.0103	476.9843	167.4552	-147.9526	235.4977	235.9886	-188.0581	41.7875	311.6402	-195.2241	8.5924	315.9227	74.6774	-7.5181	-46.0618	42.728	-336.0877	-90.5809	0.7976	-701.1531	-137.8581	73.6642	-788.2595	-115.6615	-16.7233	1.0099	87.4418	-61.3082	-335.6441	103.4922	-110.02	-692.1062	107.5481	-56.4568	-778.1317	169.1699	51.7262	519.6448	-6.9702	134.9269	-92.3079	-342.9682	132.8651	-6.9765	-276.2863	-259.656	-62.6731	331.7355	-147.4685	-23.4209	327.4102
52	1.7	0	0	0	27.0805	301.7026	-6.4184	62.5422	590.8134	-6.1383	94.3201	716.7724	21.4788	143.4147	457.2	-142.5137	113.5566	190.3262	-211.962	105.6529	-19.5502	-228.634	111.7207	-28.7029	-239.7402	-50.2013	476.5196	164.0738	-135.7947	222.409	219.0332	-166.1331	21.039	277.4529	-176.3812	-20.9664	272.1195	74.0583	-7.8809	-46.4052	42.9262	-335.1594	-91.2265	0.6773	-699.3646	-138.3653	73.3644	-787.2858	-116.6096	-16.2161	1.1403	87.817	-61.0371	-334.9836	103.5298	-109.7714	-690.4959	107.3059	-56.102	-776.889	168.7899	52.0856	520.3889	-7.4536	113.1533	-116.3934	-267.2075	132.3425	23.8352	-254.5801	-230.3549	-98.6941	272.2236	-136.3711	-42.638	270.6468
53	1.73	0	0	0	27.4349	302.0991	-6.5892	63.1481	591.6236	-6.3894	94.9074	717.4985	21.4979	143.3391	457.6439	-141.8126	113.1658	191.3901	-196.5289	104.8607	-19.3608	-203.7396	102.5745	-51.3885	-200.5153	-45.7617	476.7676	161.2165	-123.0445	211.0994	207.1514	-145.5875	3.4034	240.7656	-147.4544	-30.0673	236.6139	73.3942	-8.1919	-46.7633	43.3663	-334.7434	-91.0724	1.159	-698.3109	-138.5159	73.7261	-786.093	-116.5938	-15.6965	1.2663	88.1275	-61.2513	-335.7142	104.1827	-109.4021	-689.4108	107.3184	-55.77	-775.7171	168.7291	52.6369	521.0829	-7.6885	84.2605	-135.7569	-231.0179	119.3315	-54.9581	-212.4783	-184.6085	-112.6447	236.7471	-105.0454	-58.3995	244.2308
54	1.77	0	0	0	27.6614	302.2897	-6.3394	63.496	592.0632	-5.9789	95.2031	717.9056	21.722	143.0844	458.1172	-141.0821	113.2142	192.9871	-192.4294	104.1036	-17.6439	-200.4774	99.373	-53.9841	-200.9694	-44.818	477.3657	160.8784	-120.4971	211.6541	204.9968	-129.5368	1.2629	229.6379	-129.5295	-35.5056	217.4897	72.5418	-8.4906	-47.5001	43.7222	-334.7279	-90.6703	1.7262	-698.0966	-138.0189	73.4053	-785.9346	-116.2991	-15.3002	1.5	88.4761	-61.1164	-335.9924	104.9124	-109.064	-689.2648	107.8494	-55.5171	-775.955	169.3707	52.9705	521.4598	-7.3053	79.0941	-133.0192	-220.7577	115.826	-27.6252	-216.9472	-158.9084	-118.0673	214.0695	-79.0649	-53.7468	204.1588
55	1.8	0	0	0	27.731	302.3067	-6.284	63.6625	592.3207	-5.8605	95.5896	718.2074	21.5872	142.7147	458.0502	-140.8308	113.4039	192.9991	-192.5138	104.0249	-17.3064	-204.1408	107.9549	-37.2366	-210.5917	-43.7979	478.1333	160.2897	-117.5245	211.8409	203.0954	-122.5643	1.0546	226.9476	-116.9046	-46.1199	216.9868	72.3959	-8.3508	-47.6272	43.9283	-334.2831	-90.3924	2.2585	-697.1028	-137.458	73.9521	-785.9166	-116.1965	-15.0671	1.3939	88.6569	-61.3352	-336.4785	105.0111	-108.9098	-688.5493	107.9819	-55.3745	-775.4009	169.4311	53.1166	521.6241	-7.1977	96.459	-126.1446	-243.3027	126.1895	-40.0856	-231.5511	-155.0653	-124.3122	213.7005	-75.434	-67.8868	201.1163
56	1.83	0	0	0	27.7298	302.2239	-6.2853	63.6702	592.2401	-5.8642	95.679	718.3315	21.2606	142.2494	457.9248	-140.9454	113.2435	190.9082	-194.396	113.5893	-17.1712	-226.0918	121.7146	-73.4363	-261.4243	-42.8737	478.2915	159.9043	-113.5475	213.8856	201.0668	-111.9006	3.0176	228.0301	-101.2003	-42.4877	224.1134	72.3486	-8.3344	-47.6653	43.838	-334.2888	-90.4491	2.7232	-697.9871	-137.0926	74.1641	-786.1297	-116.1236	-14.8895	1.3582	88.8023	-61.9681	-337.3591	104.9856	-108.9141	-688.4958	107.9569	-55.5166	-775.0087	169.3436	53.1225	521.5198	-7.1999	103.7289	-133.6094	-280.3851	85.6791	-94.4757	-272.5763	-135.445	-120.8519	227.0646	-56.9662	-67.3942	205.6984
57	1.87	0	0	0	27.8555	302.2915	-6.4701	63.8678	592.3769	-6.1243	96.1643	718.3379	20.6965	141.7851	457.9169	-141.5988	113.7862	191.946	-198.5602	140.9449	-8.1042	-258.2012	145.7368	-65.9365	-289.1358	-42.1276	478.6122	159.5235	-112.8474	216.7355	201.8776	-90.4453	7.4583	239.2331	-79.9112	-22.9129	237.5332	72.0963	-8.3977	-47.7968	44.0783	-334.4883	-90.3624	2.9724	-697.0335	-137.0915	75.729	-786.5421	-115.6675	-14.6517	1.4009	89.0653	-62.1523	-337.613	104.6906	-109.0465	-687.993	107.6421	-55.4083	-774.7948	169.0999	53.3035	521.6373	-7.4451	134.2892	-123.8907	-309.6997	123.6565	-95.3932	-299.1694	-105.8859	-113.8963	248.3375	-47.8831	-31.5599	204.6513
58	1.9	0	0	0	27.9952	302.1026	-6.4412	64.4722	591.8529	-6.0441	96.8122	718.1871	20.3052	141.4222	457.7495	-142.3721	114.8665	193.9649	-205.2911	160.2817	0.0228	-274.4839	171.5594	-61.3773	-311.496	-41.589	479.2641	159.519	-112.0445	225.6899	207.3812	-53.2622	24.8241	258.9477	-46.0962	-17.0456	258.0121	72.1183	-8.3863	-47.8102	43.9194	-334.9863	-90.0213	3.3082	-695.4107	-136.37	75.9222	-786.5737	-115.5906	-14.6587	1.4111	89.0744	-61.9656	-337.4597	104.8529	-109.0558	-687.3527	107.4474	-55.328	-774.6272	169.0322	53.7642	521.1807	-7.3787	168.0361	-115.756	-325.0744	128.892	-79.1779	-320.7494	-58.6112	-99.0193	257.2114	-32.4753	-17.1888	213.4925
59	1.93	0	0	0	28.0549	302.0035	-6.5466	64.5395	591.6673	-6.3168	97.6169	717.7555	19.7246	140.0084	457.748	-145.2373	119.1614	200.6154	-220.6413	179.8519	10.361	-290.109	201.3938	-44.2502	-326.9849	-41.3553	479.7848	159.5199	-110.4446	247.0731	219.444	-33.5749	49.7105	262.3363	-5.2129	0.3788	265.3103	72.1615	-8.399	-47.8272	44.0924	-335.0711	-90.0122	3.4732	-695.3646	-136.4655	76.0158	-786.6527	-115.6756	-14.6791	1.4629	89.0944	-61.9941	-337.777	104.8757	-109.1805	-687.2699	107.3902	-55.4517	-774.6142	168.8886	53.825	521.0088	-7.6007	202.3411	-96.9135	-342.1932	183.6984	-68.7121	-323.2621	-9.9746	-82.9782	255.8864	-20.4886	-29.3782	231.5564
60	1.97	0	0	0	28.1111	301.93	-6.573	64.7342	591.488	-6.3956	98.3133	717.3721	19.5557	139.6724	457.7617	-147.1161	126.1284	207.1478	-232.4326	204.5933	24.3873	-305.7009	223.2601	-14.174	-332.6669	-41.4286	480.4221	159.9487	-106.421	260.8878	227.6535	17.5683	87.8118	273.1547	25.4364	40.1434	227.8074	72.1844	-8.3511	-47.8087	44.0628	-335.1011	-89.9925	3.0839	-696.1539	-136.6747	75.968	-786.7119	-115.6857	-14.6774	1.4574	89.0878	-62.0344	-337.6694	104.7965	-109.243	-687.3799	107.4163	-55.0942	-774.4928	169.1692	53.9854	520.8445	-7.6674	227.6603	-78.8466	-361.0663	211.9015	-32.016	-319.8778	65.1229	-34.7887	244.7012	-3.0664	-2.3803	216.6077
61	2	0	0	0	28.1329	301.8063	-6.7597	64.8548	591.1562	-7.0661	98.6273	717.3873	19.2229	139.7164	457.7515	-147.835	134.3016	212.2276	-243.0059	217.3335	30.2324	-313.8158	244.9929	-2.8376	-343.002	-41.7602	482.4562	160.2815	-98.3817	287.1283	246.403	49.4444	130.3631	281.0932	65.3901	111.7052	233.1048	72.2395	-8.3332	-47.7242	42.4054	-336.0754	-88.5518	2.9861	-696.6259	-136.5727	75.4869	-787.0301	-115.848	-14.8055	1.5122	88.965	-62.2881	-336.9679	104.5641	-109.2015	-687.4289	107.396	-54.9324	-774.1202	168.9991	54.0724	520.5533	-8.2001	257.0562	-67.7006	-365.4373	228.8105	-16.8819	-328.7036	111.2278	27.0938	221.0845	7.3869	75.4426	218.7192
62	2.03	0	0	0	28.3778	301.5017	-6.9126	65.2909	590.6022	-7.5408	99.3626	717.0015	19.1681	140.3433	457.6998	-149.1549	143.597	219.1994	-249.243	232.5423	40.219	-321.0595	269.708	-7.1566	-358.4543	-41.0906	483.3179	160.8854	-75.0143	307.2632	283.2493	90.082	170.6074	246.545	126.1815	146.957	221.4795	72.348	-8.3454	-47.5992	42.8199	-336.491	-88.4411	3.5366	-695.9461	-136.4855	75.6335	-787.446	-115.7031	-14.8886	1.5723	88.8057	-62.1155	-337.1872	104.6998	-108.8237	-688.0207	107.3658	-54.7398	-774.0336	169.1209	54.4476	520.0591	-8.5853	279.4507	-55.2137	-371.0021	265.8586	-59.2226	-358.1944	172.8523	95.1097	201.2325	78.6298	104.473	184.533
63	2.07	0	0	0	29.3514	301.0724	-7.2322	66.7374	589.9474	-8.284	100.6346	716.604	19.0527	142.0282	457.8026	-149.4492	153.7233	220.8766	-254.0114	250.0382	45.595	-326.1157	287.1657	-0.5489	-360.3268	-39.0408	482.9034	161.2866	-57.2419	305.5235	286.9229	147.838	237.0512	256.8052	165.4986	226.4749	235.0857	72.1037	-8.3449	-47.3831	44.0581	-336.176	-88.1467	4.8681	-696.5989	-136.3903	76.9987	-787.823	-115.7031	-14.5675	1.6175	88.6291	-60.9746	-337.0362	104.8906	-107.191	-688.8203	107.489	-53.3634	-774.4334	169.2374	55.7528	519.4644	-9.1818	294.5364	-50.3003	-372.8996	282.0458	-48.3828	-355.7836	235.9661	181.8864	201.5276	118.6245	197.8292	184.143
64	2.1	0	0	0	29.0358	300.8231	-7.9491	65.9962	589.4814	-10.0532	101.0883	716.0789	19.2204	143.1386	458.511	-149.9054	161.3077	222.9628	-256.5432	260.076	47.8149	-326.1304	298.4027	2.0779	-360.2572	-38.7648	483.766	162.2571	-24.3645	331.2367	320.8679	179.1983	292.0457	255.3402	225.5714	288.5893	216.5008	72.2617	-8.5009	-47.1232	44.4616	-336.4547	-88.0511	5.491	-697.3194	-136.3725	77.5382	-788.5324	-115.4174	-14.7622	1.9153	88.2135	-60.6306	-336.8389	104.6406	-106.7444	-689.1165	107.5643	-52.9924	-774.3692	169.1819	55.1378	519.0337	-10.6707	305.8528	-44.5351	-372.5431	292.8926	-48.3451	-356.4679	285.6371	259.2927	172.2476	251.4107	318.3324	192.9611
65	2.13	0	0	0	29.2742	300.9564	-8.353	66.6662	589.8557	-10.9111	101.0625	716.5479	19.3581	143.4481	459.2659	-149.6822	166.8049	224.8757	-257.0934	269.8392	51.3528	-325.1534	306.5178	5.5672	-354.4117	-37.4506	485.1443	162.9347	-3.2689	329.3461	316.5196	227.1231	349.5988	224.9199	271.8137	352.6856	188.3623	72.4755	-8.4694	-47.0867	44.3374	-336.7999	-88.6035	5.6094	-696.3245	-136.5779	77.439	-788.0081	-115.302	-14.9424	1.9007	88.197	-60.9406	-335.4417	104.2828	-106.6297	-687.6287	107.3483	-53.1301	-773.191	168.7553	55.6878	519.3145	-11.4156	312.1474	-38.2617	-367.4386	298.4816	-40.1745	-352.8444	321.8914	339.5627	139.3316	278.4951	390.7257	184.2229
66	2.17	0	0	0	30.0532	302.7959	-8.8123	67.6036	592.8685	-11.8316	101.8305	718.2119	19.166	145.1309	461.4771	-149.6738	171.5854	231.0017	-255.757	273.5535	56.0395	-321.8828	311.2073	8.1835	-346.342	-35.2443	498.8975	166.3097	62.9011	371.8101	322.4514	249.5944	399.0169	218.9511	288.6937	411.2441	174.4233	72.517	-8.2631	-47.8326	45.7591	-334.571	-88.6232	6.8848	-695.5574	-136.6238	79.1557	-785.878	-115.2163	-14.9383	1.6953	89.0198	-59.9794	-333.304	103.8495	-105.7236	-684.8431	107.0974	-51.9855	-771.2125	168.7527	56.6378	521.9344	-12.1437	316.1925	-38.0497	-361.0261	305.5163	-38.0612	-343.6093	341.6763	409.6579	119.5081	299.1935	442.2695	188.0354
